N = 2048 (m = 8)

1.200000        1706.666626     -11254.840820   28.848099
1.100000        1861.818115     -12163.475586   17.705154
1.000000        2048.000000     -10408.113281   15.063048
0.900000        2275.555420     -10307.508789   9.133729
0.800000        2559.999756     -9760.857422    5.276064
0.700000        2925.714111     -8824.052734    3.019468
0.600000        3413.333252     -7684.307617    1.757358
0.500000        4095.999512     -6454.912598    1.078767
0.400000        5119.999512     -5214.494629    0.690324

N = 2916 (m = 9)

1.200000        2430.000000     -16025.893555   28.826191
1.100000        2650.908936     -17300.279297   17.722383
1.000000        2916.000000     -14713.526367   15.233539
0.900000        3239.999756     -14674.693359   9.122795
0.800000        3644.999756     -13872.258789   5.293206
0.700000        4165.713867     -12555.261719   3.033065
0.600000        4860.000000     -10943.443359   1.770144
0.500000        5831.999512     -9182.304688    1.085624
0.400000        7289.999512     -7381.590820    0.706876